0.971341 -0.003830 -0.000014
-0.025640 0.988316 -0.000024
-17.297169 2.326934 1.000000
1.053354 0.008375 0.000041
0.006167 1.018207 -0.000015
-67.262666 1.775944 1.000000
1.059317 0.009643 0.000044
0.003850 1.019445 -0.000021
-85.928779 0.226472 1.000000
1.096727 0.013945 0.000071
0.012872 1.045993 -0.000009
-122.995284 -3.529531 1.000000
1.125904 0.016247 0.000093
0.017668 1.065279 -0.000008
-160.196200 -5.926366 1.000000
1.164064 0.024623 0.000118
0.021734 1.091766 0.000004
-206.699246 -15.976984 1.000000
1.185212 0.023308 0.000134
0.027382 1.104866 0.000001
-233.991906 -12.365462 1.000000
1.218722 0.026726 0.000157
0.036536 1.121740 -0.000005
-278.768196 -27.044225 1.000000
1.302810 0.041177 0.000244
0.007615 1.126732 -0.000109
-333.778911 -41.008694 1.000000
1.275651 0.032375 0.000198
0.044754 1.138352 -0.000028
-356.157358 -38.874991 1.000000
1.307436 0.035460 0.000220
0.049703 1.180528 0.000004
-391.245216 -28.107210 1.000000
1.360209 0.042397 0.000263
0.056876 1.199052 -0.000026
-455.032360 -23.469638 1.000000
1.384368 0.045016 0.000278
0.062711 1.216959 -0.000016
-489.515883 -25.429119 1.000000
1.409037 0.048218 0.000298
0.057375 1.225360 -0.000034
-526.314577 -26.182827 1.000000
1.460944 0.054847 0.000336
0.066823 1.262275 -0.000032
-584.141464 -32.205111 1.000000
1.482527 0.057741 0.000354
0.072107 1.264863 -0.000053
-611.359354 -34.490182 1.000000
