0.982323 0.000218 -0.000012
-0.008519 1.006163 0.000022
31.864648 -0.715841 1.000000
0.967869 0.000002 -0.000022
-0.010644 0.983480 -0.000003
44.424741 -2.548207 1.000000
0.962293 -0.001039 -0.000025
-0.003576 0.997400 0.000023
72.165964 -4.471979 1.000000
0.922534 -0.005917 -0.000057
-0.013025 0.969203 0.000007
99.186532 -0.298779 1.000000
0.902111 -0.009233 -0.000073
-0.020568 0.964303 0.000012
120.803237 -1.077956 1.000000
0.875237 -0.011678 -0.000091
-0.017970 0.949112 0.000009
159.992860 -0.383564 1.000000
0.847820 -0.014655 -0.000110
-0.026045 0.940000 0.000010
192.807305 2.014338 1.000000
0.821619 -0.019110 -0.000129
-0.034032 0.929373 0.000008
216.006031 3.466798 1.000000
0.807521 -0.021192 -0.000140
-0.034238 0.921899 0.000010
239.385877 5.407274 1.000000
0.785513 -0.022852 -0.000156
-0.035079 0.918354 0.000014
264.250813 5.520305 1.000000
0.764496 -0.026083 -0.000171
-0.042688 0.910122 0.000012
290.145237 6.710120 1.000000
0.853121 -0.024204 -0.000095
-0.000028 1.009298 0.000107
298.259274 -4.977062 1.000000
0.728347 -0.030117 -0.000196
-0.046447 0.891669 0.000002
337.806568 8.907162 1.000000
0.794024 -0.025187 -0.000138
-0.029998 0.955526 0.000060
358.223398 -0.377294 1.000000
0.682488 -0.035432 -0.000232
-0.067181 0.890459 0.000018
393.000674 6.990968 1.000000
0.673416 -0.035586 -0.000230
-0.111717 0.846464 -0.000045
417.613019 12.273750 1.000000
